150 200 1095
1 10
1 13
1 19
1 31
1 34
1 75
1 84
1 86
1 94
1 95
1 99
1 105
1 146
1 150
2 7
2 12
2 26
2 29
2 30
2 37
2 71
2 74
2 85
2 90
2 92
2 117
2 124
2 134
2 141
2 143
2 147
3 26
3 30
3 39
3 49
3 73
3 78
3 82
3 88
3 96
3 104
3 109
3 112
3 116
3 127
3 128
3 130
4 5
4 24
4 26
4 72
4 73
4 84
4 106
4 112
4 130
4 140
4 145
5 11
5 24
5 42
5 51
5 59
5 64
5 76
5 81
5 92
5 97
5 99
5 126
5 136
5 147
6 21
6 23
6 26
6 43
6 46
6 49
6 50
6 59
6 67
6 81
6 85
6 95
6 103
6 108
6 141
6 145
6 149
7 10
7 46
7 59
7 87
7 97
7 100
7 129
7 148
8 9
8 13
8 23
8 48
8 71
8 107
8 124
8 139
8 144
8 146
9 15
9 35
9 37
9 40
9 41
9 52
9 53
9 54
9 59
9 67
9 73
9 80
9 101
9 107
9 120
9 145
9 148
9 149
10 12
10 20
10 27
10 29
10 30
10 34
10 48
10 51
10 56
10 59
10 68
10 105
10 110
10 118
10 122
10 133
10 144
11 15
11 35
11 72
11 80
11 81
11 88
11 89
11 120
11 138
11 140
11 141
12 24
12 25
12 34
12 52
12 62
12 67
12 73
12 80
12 83
12 85
12 90
12 91
12 105
12 139
12 144
13 17
13 23
13 25
13 27
13 28
13 58
13 66
13 86
13 89
13 100
13 102
13 104
13 108
13 113
13 129
13 140
13 141
14 34
14 55
14 58
14 76
14 103
14 122
14 125
14 126
14 133
14 139
14 140
14 144
14 148
15 26
15 34
15 41
15 43
15 53
15 72
15 78
15 85
15 116
15 117
15 119
15 131
15 134
16 42
16 48
16 56
16 84
16 90
16 92
16 96
16 97
16 108
16 117
16 127
16 130
16 132
17 21
17 85
17 88
17 92
17 93
17 102
17 116
17 119
17 135
17 147
18 26
18 35
18 37
18 39
18 40
18 41
18 43
18 52
18 57
18 79
18 100
18 102
18 109
18 115
18 119
18 120
18 127
18 132
18 135
19 34
19 38
19 54
19 59
19 71
19 76
19 88
19 92
19 96
19 98
19 102
19 116
19 126
19 135
20 23
20 51
20 60
20 108
20 112
20 129
20 130
20 131
20 132
21 29
21 30
21 33
21 34
21 53
21 63
21 76
21 124
21 132
21 138
21 144
22 45
22 55
22 67
22 98
22 102
22 106
22 117
22 127
22 128
22 131
22 139
22 146
22 147
23 25
23 35
23 40
23 46
23 50
23 56
23 74
23 77
23 82
23 83
23 88
23 123
24 42
24 43
24 49
24 56
24 59
24 103
24 110
24 116
24 119
24 145
25 31
25 34
25 45
25 62
25 68
25 69
25 76
25 77
25 89
25 97
25 102
25 106
25 115
25 149
26 39
26 49
26 54
26 102
26 104
26 111
26 119
26 123
26 128
26 135
26 148
27 42
27 62
27 64
27 67
27 69
27 72
27 77
27 96
27 102
27 109
27 112
27 127
27 130
27 136
27 139
28 31
28 46
28 47
28 56
28 72
28 75
28 80
28 81
28 85
28 91
28 95
28 96
28 104
28 107
29 50
29 59
29 70
29 80
29 81
29 95
29 97
29 106
29 109
29 112
29 114
29 127
29 133
29 135
29 142
29 150
30 51
30 52
30 53
30 61
30 63
30 67
30 79
30 92
30 95
30 106
30 111
30 119
30 138
31 35
31 62
31 63
31 70
31 89
31 105
31 108
31 109
31 110
31 115
31 121
31 128
31 136
31 139
32 38
32 43
32 45
32 48
32 52
32 65
32 69
32 71
32 82
32 87
32 98
32 104
32 109
32 123
32 139
33 51
33 66
33 100
33 111
33 119
33 129
33 141
33 145
33 149
34 47
34 48
34 49
34 67
34 77
34 78
34 81
34 94
34 97
34 117
34 129
34 130
34 141
34 145
34 147
35 37
35 39
35 45
35 52
35 55
35 94
35 98
35 106
35 108
35 134
35 138
35 144
36 37
36 44
36 51
36 59
36 63
36 86
36 91
36 96
36 103
36 105
36 107
36 110
36 123
36 135
37 41
37 72
37 83
37 93
37 108
37 112
37 120
37 143
38 42
38 44
38 51
38 72
38 84
38 85
38 141
38 144
38 145
38 147
39 42
39 46
39 53
39 61
39 64
39 67
39 69
39 127
39 136
39 137
39 139
40 44
40 53
40 55
40 58
40 63
40 64
40 85
41 66
41 79
41 92
41 94
41 106
41 129
42 50
42 67
42 68
42 77
42 91
42 93
42 97
42 113
42 115
42 150
43 47
43 48
43 81
43 89
43 90
43 94
43 105
43 122
43 133
43 136
43 138
44 49
44 71
44 82
44 98
44 104
44 105
44 118
44 149
45 49
45 54
45 56
45 76
45 85
45 99
45 100
45 126
46 57
46 77
46 81
46 83
46 93
46 101
46 104
46 106
46 111
46 113
46 114
46 117
46 119
46 123
46 127
46 137
46 138
46 144
47 49
47 53
47 54
47 60
47 61
47 72
47 77
47 80
47 86
47 87
47 93
47 94
47 102
48 50
48 54
48 62
48 65
48 83
48 84
48 85
48 90
48 99
48 107
48 137
48 149
49 51
49 52
49 107
49 120
49 132
49 134
49 139
49 141
50 52
50 71
50 78
50 85
50 90
50 94
50 95
50 114
50 124
50 128
50 129
50 130
50 138
50 139
50 149
51 52
51 58
51 76
51 109
51 114
51 128
51 131
51 146
52 78
52 86
52 96
52 101
52 119
52 137
52 144
52 149
53 75
53 77
53 87
53 104
53 105
53 108
53 116
53 118
53 138
53 143
53 149
54 57
54 61
54 65
54 83
54 86
54 91
54 92
54 148
54 150
55 74
55 77
55 79
55 83
55 115
55 124
55 127
55 139
55 140
55 146
56 99
56 123
56 124
56 126
56 128
56 148
57 62
57 70
57 75
57 83
57 101
57 105
57 117
57 136
58 70
58 84
58 103
58 111
58 118
58 128
58 143
58 148
59 86
59 96
59 101
59 117
60 77
60 89
60 91
60 95
60 103
60 108
60 121
60 140
61 70
61 81
61 95
61 96
61 127
61 131
61 147
62 80
62 86
62 95
62 100
62 122
62 128
63 65
63 85
63 136
63 144
64 83
64 90
64 91
64 99
64 100
64 108
64 128
64 137
64 142
65 86
65 88
65 97
65 104
65 126
65 137
65 147
66 70
66 84
66 90
66 96
66 99
66 113
66 126
66 135
67 69
67 94
67 108
67 111
67 128
67 131
67 133
67 148
68 84
68 95
68 103
68 108
68 111
68 112
68 122
68 123
68 135
69 76
69 101
69 115
69 133
69 140
69 146
69 150
70 88
70 92
70 105
70 111
70 112
70 121
70 144
71 75
71 97
71 100
71 106
71 128
71 131
71 134
71 147
72 78
72 89
72 104
72 111
73 76
73 77
73 78
73 82
73 90
73 91
73 110
73 116
73 127
73 139
73 143
73 150
74 112
74 138
75 102
75 106
75 113
75 118
75 137
75 143
75 144
76 81
76 83
76 97
76 103
76 109
76 117
76 136
77 81
77 84
77 90
77 101
77 114
77 116
77 128
77 144
77 149
78 94
78 102
78 118
78 121
78 144
79 84
79 106
79 107
79 113
79 114
79 139
79 143
80 87
80 89
80 93
80 95
80 98
80 119
80 138
81 82
81 99
81 113
81 136
81 138
81 140
81 144
81 149
82 92
82 102
82 118
82 120
82 126
82 131
82 132
82 134
83 84
83 85
83 93
83 97
83 116
83 117
83 121
83 130
84 85
84 86
84 110
84 121
84 148
85 129
85 144
85 145
85 147
86 107
86 137
86 144
87 91
87 95
87 120
87 127
87 129
87 134
88 90
88 94
88 108
88 112
88 142
88 144
88 149
88 150
89 100
89 103
89 104
89 122
89 123
89 139
89 143
90 98
90 109
90 112
90 116
90 128
90 132
90 133
90 146
91 101
91 109
91 110
91 115
91 124
91 126
91 140
92 93
92 119
92 124
92 129
93 94
93 107
93 109
93 131
93 142
93 148
94 100
94 110
94 115
94 127
94 130
94 131
94 144
95 101
95 142
95 146
96 112
96 123
96 126
96 132
96 142
97 103
97 119
97 142
98 100
98 115
98 120
98 121
98 122
98 123
99 100
99 103
99 109
99 117
99 134
100 108
100 110
100 117
100 124
100 147
100 148
101 106
101 114
101 132
101 137
101 141
101 147
102 103
102 107
102 116
102 132
102 138
102 139
102 145
103 104
103 106
103 114
103 117
103 129
103 130
103 133
103 136
103 137
103 141
104 112
104 114
104 148
105 107
105 110
105 114
105 121
105 128
106 124
106 136
107 108
107 116
107 120
107 130
107 145
108 112
108 116
108 123
108 130
108 134
108 138
108 140
108 145
109 111
109 125
109 128
109 129
109 134
110 112
110 127
110 133
110 141
111 131
111 144
112 114
112 122
112 126
113 126
113 127
113 139
114 118
114 121
114 134
114 135
114 137
114 139
115 116
115 150
116 130
116 139
116 140
116 148
117 141
117 145
118 142
119 132
119 133
119 142
119 147
119 149
120 126
120 130
120 142
121 125
121 132
122 123
122 145
123 124
123 127
123 142
123 143
124 127
125 126
125 136
125 150
126 130
126 147
126 148
126 149
126 150
127 131
128 141
129 131
130 142
130 147
130 148
131 137
132 137
132 143
132 147
134 146
135 140
135 145
135 150
136 142
136 147
137 143
137 149
138 139
138 142
139 144
139 148
142 143
144 147
145 147
145 150
13 39 43 49 98 
19 20 35 64 101 
5 31 35 76 84 89 96 115 143 
2 21 30 31 70 73 89 136 139 146 
1 4 10 39 51 97 114 132 134 
1 3 14 35 62 68 98 114 139 
27 31 39 43 49 68 133 150 
5 85 91 128 
5 9 23 35 46 75 79 137 141 
20 46 85 90 101 112 135 139 143 
13 57 98 112 114 133 145 
36 41 57 146 
8 28 77 143 149 
31 126 128 149 
20 34 46 89 127 140 142 148 
32 83 94 104 117 132 137 146 
24 49 77 95 97 107 121 130 141 
31 37 107 145 
27 37 48 81 84 95 97 
18 29 39 61 79 108 
34 39 89 122 
1 21 64 65 67 108 133 
26 58 67 
15 49 54 96 108 148 
26 87 94 104 
4 36 51 75 131 142 
1 21 24 43 51 77 87 96 149 
9 32 126 128 144 
5 21 31 69 111 
15 28 49 61 122 143 
4 5 6 7 37 46 76 112 115 135 
29 37 78 107 121 150 
81 102 103 141 
13 17 25 117 130 150 
29 35 57 60 87 98 112 126 127 128 129 146 
5 68 94 130 141 
36 44 97 99 131 132 
28 46 59 146 
14 18 39 44 80 97 120 122 
15 38 60 89 99 108 109 147 
15 40 58 60 76 85 90 98 102 121 130 
49 70 78 109 126 
113 116 
14 35 36 87 101 103 111 
34 51 67 106 
15 21 30 55 90 127 130 142 
15 36 40 43 61 89 115 131 134 
8 19 31 38 109 111 113 115 116 136 
13 61 73 129 
79 81 96 108 121 128 150 
39 61 75 88 97 102 
38 60 70 77 85 135 
1 7 15 80 104 112 128 148 
10 35 60 114 117 142 
13 57 60 67 121 
68 
10 35 36 80 88 131 150 
10 32 73 79 97 108 109 149 
15 19 21 27 34 81 90 97 102 110 112 149 
79 87 94 128 
1 8 13 57 64 90 111 135 
48 64 65 92 104 131 
2 30 126 127 
19 76 109 128 132 145 
25 35 108 130 134 
28 44 87 94 95 103 104 113 130 140 
26 30 45 73 114 137 
39 79 103 117 127 134 135 143 149 
21 54 55 97 100 133 145 
22 51 75 76 82 89 90 113 
5 21 49 73 79 87 95 99 107 
12 19 31 64 99 138 141 
12 61 95 97 
55 65 78 85 93 121 135 147 
2 23 73 95 99 103 
41 42 54 57 106 113 
36 61 84 109 113 116 139 146 
13 18 114 120 121 145 
4 9 21 35 75 87 91 98 132 
18 65 107 109 132 148 
19 40 59 79 85 90 108 111 128 130 144 
16 19 20 67 70 111 
8 31 48 55 70 79 88 114 122 133 135 144 
32 44 51 74 90 98 
5 13 29 59 75 97 126 143 
9 12 44 122 140 150 
32 80 98 101 108 109 139 148 149 150 
4 40 59 96 98 107 111 112 
28 43 61 76 87 90 
56 68 
19 37 60 65 98 146 
31 44 77 127 143 
31 34 60 79 84 90 129 142 
22 
24 49 55 60 75 89 117 122 
20 27 38 76 112 114 141 
5 37 56 79 95 104 150 
7 23 24 38 58 65 84 93 95 118 121 130 
46 55 77 84 87 113 
32 46 58 61 145 
13 60 77 79 107 146 
31 59 135 138 
1 9 33 65 95 98 133 
2 29 114 148 
38 49 61 89 105 138 139 
84 91 135 
84 88 93 108 149 150 
24 27 48 84 137 
122 131 132 
15 19 35 50 
18 39 43 128 131 150 
4 15 20 59 130 140 
128 
100 112 120 126 
49 73 84 101 113 126 148 
12 49 54 56 64 82 111 136 146 
9 27 43 58 59 60 67 76 95 123 126 132 149 
35 67 75 79 103 137 
108 109 113 134 137 145 148 
15 35 95 127 146 
5 31 87 137 
2 5 14 39 58 135 137 138 
24 43 60 
5 56 74 95 98 103 122 131 132 140 
15 81 87 101 
5 24 49 61 64 65 69 107 114 147 
21 24 27 84 87 89 90 139 
13 44 55 56 59 68 99 143 
36 87 
13 25 81 89 99 132 
13 15 38 58 65 90 101 126 139 142 
1 23 85 99 114 115 149 
4 57 68 70 95 109 115 121 132 
20 32 58 76 96 101 106 108 112 137 150 
36 45 60 61 77 91 97 
4 44 96 
7 23 35 43 51 64 94 97 109 150 
48 61 87 98 99 104 150 
39 40 64 77 109 
40 43 49 64 68 84 115 132 142 149 
18 120 
21 32 113 
60 61 102 103 105 
13 21 36 40 55 58 68 76 112 135 
19 29 36 51 99 101 133 145 
40 57 61 78 104 115 128 145 150 
4 36 45 58 62 67 113 135 
5 51 111 114 119 123 
1 36 38 41 59 87 114 144 149 
4 28 38 96 137 
25 88 101 130 
85 92 101 132 147 
28 40 70 85 90 101 106 
38 70 84 94 148 
81 88 97 114 117 130 137 143 
28 61 93 
10 36 64 87 99 110 143 
19 35 57 64 101 105 114 149 
15 23 27 39 75 85 104 109 135 141 148 
54 55 70 133 
32 37 47 74 75 96 101 115 123 126 143 
22 27 61 69 108 109 112 138 145 
59 75 78 90 104 147 
28 89 94 95 109 128 
7 20 25 36 58 96 117 121 
65 94 118 121 
29 64 65 79 89 111 
58 79 87 101 102 111 121 
27 55 65 75 87 95 108 121 127 
14 27 57 59 60 67 112 126 143 148 
13 60 88 97 
1 36 84 113 117 142 146 
49 85 148 
10 65 98 115 
11 21 68 95 113 121 129 132 
13 25 54 64 76 79 95 112 126 150 
20 62 98 101 102 104 106 122 135 
58 59 64 72 82 84 85 98 103 
15 33 39 61 148 
23 36 39 57 94 98 135 
7 84 89 146 
9 21 49 94 114 128 138 
1 19 49 75 85 133 135 141 149 
13 39 107 108 
43 56 121 131 
15 24 27 31 70 90 94 
31 58 80 90 114 129 
5 46 93 118 
35 36 37 121 129 132 139 
1 48 121 129 135 139 
24 28 36 38 39 98 114 129 134 143 
15 19 28 51 73 146 148 
13 104 112 115 141 
10 38 113 137 140 149 
1 9 54 84 97 120 127 145 
7 9 39 46 78 97 148 
55 59 75 81 94 102 132 150 
5 81 101 102 112 141 
13 18 22 58 94 103 115 137 
21 28 75 96 106 113 117 127 128 130 
7663 7988 291 9619 8433 687 5129 316 6308 130 4430 208 2085 7517 729 499 4177 2824 8957 920 8327 3892 1366 8841 765 4307 9218 3578 7792 1163 8589 1807 9151 5231 7777 3935 5917 2905 603 2224 9386 5032 8783 1470 2549 5863 1968 3077 8686 924 349 7012 1168 1714 2204 1932 6020 7773 1861 164 8936 449 1970 4438 2031 9746 4724 4299 9002 5326 2874 8387 358 1656 9856 9258 3870 1823 8686 2555 9099 9034 5918 6618 7099 8121 4901 3119 5894 6761 9634 1181 3562 1603 1970 5592 7700 6693 6243 3053 8371 9116 1439 5080 7124 7646 689 993 5820 9374 9900 4918 4760 5817 7887 1858 290 2787 1328 2535 9548 961 3715 3109 2563 2036 5052 6614 5080 1294 9666 9802 6762 7456 4881 3885 5101 5569 1229 921 4943 7480 2190 6054 9649 77 7911 9938 2863 9239 2472 8762 199 2538 1870 9114 925 6922 2079 6004 8215 8097 5806 1328 5552 7038 1564 7005 2607 9145 4277 3901 6624 6466 9954 6272 2894 4216 2561 2109 3454 5032 870 5 3921 2740 5470 4845 6013 3900 7201 579 1996 9358 1907 3900 6395 3470 7256 9001 