p wcnf 100 1011 2632919
2632919 -1 -22 0
2632919 -1 -26 0
2632919 -1 -39 0
2632919 -1 -40 0
2632919 -1 -46 0
2632919 -1 -59 0
2632919 -1 -76 0
2632919 -1 -78 0
2632919 -1 -80 0
2632919 -1 -97 0
2632919 -1 -98 0
2632919 -2 -6 0
2632919 -2 -16 0
2632919 -2 -17 0
2632919 -2 -18 0
2632919 -2 -25 0
2632919 -2 -28 0
2632919 -2 -32 0
2632919 -2 -47 0
2632919 -2 -53 0
2632919 -2 -74 0
2632919 -2 -85 0
2632919 -2 -88 0
2632919 -2 -95 0
2632919 -3 -4 0
2632919 -3 -13 0
2632919 -3 -22 0
2632919 -3 -23 0
2632919 -3 -65 0
2632919 -3 -70 0
2632919 -3 -91 0
2632919 -3 -92 0
2632919 -4 -8 0
2632919 -4 -20 0
2632919 -4 -25 0
2632919 -4 -26 0
2632919 -4 -30 0
2632919 -4 -38 0
2632919 -4 -44 0
2632919 -4 -62 0
2632919 -4 -73 0
2632919 -4 -78 0
2632919 -4 -88 0
2632919 -4 -92 0
2632919 -5 -8 0
2632919 -5 -12 0
2632919 -5 -13 0
2632919 -5 -17 0
2632919 -5 -20 0
2632919 -5 -24 0
2632919 -5 -36 0
2632919 -5 -39 0
2632919 -5 -43 0
2632919 -5 -64 0
2632919 -5 -80 0
2632919 -5 -87 0
2632919 -5 -90 0
2632919 -5 -96 0
2632919 -5 -98 0
2632919 -6 -45 0
2632919 -6 -58 0
2632919 -6 -84 0
2632919 -6 -86 0
2632919 -6 -91 0
2632919 -6 -95 0
2632919 -7 -18 0
2632919 -7 -29 0
2632919 -7 -31 0
2632919 -7 -52 0
2632919 -7 -62 0
2632919 -7 -69 0
2632919 -8 -46 0
2632919 -8 -47 0
2632919 -8 -59 0
2632919 -8 -66 0
2632919 -8 -72 0
2632919 -8 -82 0
2632919 -8 -89 0
2632919 -8 -97 0
2632919 -9 -15 0
2632919 -9 -17 0
2632919 -9 -19 0
2632919 -9 -31 0
2632919 -9 -53 0
2632919 -9 -55 0
2632919 -9 -63 0
2632919 -9 -68 0
2632919 -9 -76 0
2632919 -9 -88 0
2632919 -9 -99 0
2632919 -10 -13 0
2632919 -10 -39 0
2632919 -10 -40 0
2632919 -10 -59 0
2632919 -10 -60 0
2632919 -10 -62 0
2632919 -10 -72 0
2632919 -10 -85 0
2632919 -10 -86 0
2632919 -10 -93 0
2632919 -11 -37 0
2632919 -11 -59 0
2632919 -11 -72 0
2632919 -11 -82 0
2632919 -11 -93 0
2632919 -11 -94 0
2632919 -12 -14 0
2632919 -12 -26 0
2632919 -12 -30 0
2632919 -12 -35 0
2632919 -12 -49 0
2632919 -12 -58 0
2632919 -12 -62 0
2632919 -12 -63 0
2632919 -12 -72 0
2632919 -12 -73 0
2632919 -12 -82 0
2632919 -12 -86 0
2632919 -12 -89 0
2632919 -12 -95 0
2632919 -13 -22 0
2632919 -13 -27 0
2632919 -13 -30 0
2632919 -13 -44 0
2632919 -13 -60 0
2632919 -13 -73 0
2632919 -13 -76 0
2632919 -13 -77 0
2632919 -13 -81 0
2632919 -13 -95 0
2632919 -14 -39 0
2632919 -14 -41 0
2632919 -14 -64 0
2632919 -14 -84 0
2632919 -14 -86 0
2632919 -14 -93 0
2632919 -15 -18 0
2632919 -15 -24 0
2632919 -15 -31 0
2632919 -15 -60 0
2632919 -15 -75 0
2632919 -15 -95 0
2632919 -16 -24 0
2632919 -16 -37 0
2632919 -16 -41 0
2632919 -16 -59 0
2632919 -16 -71 0
2632919 -16 -78 0
2632919 -16 -80 0
2632919 -16 -87 0
2632919 -16 -88 0
2632919 -16 -90 0
2632919 -17 -23 0
2632919 -17 -24 0
2632919 -17 -27 0
2632919 -17 -49 0
2632919 -17 -50 0
2632919 -17 -69 0
2632919 -17 -74 0
2632919 -17 -79 0
2632919 -17 -81 0
2632919 -17 -95 0
2632919 -17 -100 0
2632919 -18 -21 0
2632919 -18 -36 0
2632919 -18 -46 0
2632919 -18 -48 0
2632919 -18 -60 0
2632919 -18 -78 0
2632919 -18 -80 0
2632919 -18 -92 0
2632919 -19 -41 0
2632919 -19 -44 0
2632919 -19 -66 0
2632919 -19 -87 0
2632919 -19 -89 0
2632919 -19 -95 0
2632919 -20 -48 0
2632919 -20 -51 0
2632919 -20 -66 0
2632919 -20 -74 0
2632919 -20 -84 0
2632919 -20 -100 0
2632919 -21 -29 0
2632919 -21 -34 0
2632919 -21 -51 0
2632919 -21 -53 0
2632919 -21 -57 0
2632919 -21 -60 0
2632919 -21 -63 0
2632919 -21 -76 0
2632919 -21 -91 0
2632919 -21 -94 0
2632919 -21 -96 0
2632919 -22 -24 0
2632919 -22 -30 0
2632919 -22 -32 0
2632919 -22 -53 0
2632919 -22 -59 0
2632919 -22 -68 0
2632919 -22 -70 0
2632919 -22 -84 0
2632919 -22 -85 0
2632919 -22 -88 0
2632919 -23 -36 0
2632919 -23 -60 0
2632919 -23 -61 0
2632919 -23 -63 0
2632919 -23 -71 0
2632919 -23 -91 0
2632919 -23 -97 0
2632919 -24 -29 0
2632919 -24 -34 0
2632919 -24 -48 0
2632919 -24 -62 0
2632919 -24 -67 0
2632919 -24 -68 0
2632919 -24 -75 0
2632919 -24 -77 0
2632919 -24 -88 0
2632919 -25 -26 0
2632919 -25 -36 0
2632919 -25 -48 0
2632919 -25 -50 0
2632919 -25 -64 0
2632919 -25 -67 0
2632919 -25 -88 0
2632919 -25 -90 0
2632919 -25 -94 0
2632919 -26 -29 0
2632919 -26 -30 0
2632919 -26 -40 0
2632919 -26 -83 0
2632919 -26 -84 0
2632919 -27 -31 0
2632919 -27 -42 0
2632919 -27 -57 0
2632919 -27 -62 0
2632919 -27 -67 0
2632919 -27 -68 0
2632919 -27 -70 0
2632919 -27 -73 0
2632919 -27 -87 0
2632919 -27 -90 0
2632919 -27 -96 0
2632919 -28 -32 0
2632919 -28 -99 0
2632919 -29 -38 0
2632919 -29 -39 0
2632919 -29 -51 0
2632919 -29 -66 0
2632919 -29 -69 0
2632919 -29 -72 0
2632919 -29 -83 0
2632919 -30 -54 0
2632919 -30 -59 0
2632919 -30 -78 0
2632919 -30 -80 0
2632919 -30 -89 0
2632919 -31 -52 0
2632919 -31 -55 0
2632919 -31 -59 0
2632919 -31 -73 0
2632919 -31 -83 0
2632919 -31 -93 0
2632919 -31 -97 0
2632919 -32 -34 0
2632919 -32 -41 0
2632919 -32 -44 0
2632919 -32 -53 0
2632919 -32 -72 0
2632919 -32 -81 0
2632919 -32 -84 0
2632919 -33 -41 0
2632919 -33 -57 0
2632919 -33 -77 0
2632919 -33 -84 0
2632919 -33 -85 0
2632919 -33 -93 0
2632919 -34 -72 0
2632919 -34 -78 0
2632919 -34 -90 0
2632919 -34 -99 0
2632919 -35 -36 0
2632919 -35 -40 0
2632919 -35 -49 0
2632919 -35 -57 0
2632919 -35 -71 0
2632919 -35 -75 0
2632919 -35 -85 0
2632919 -36 -40 0
2632919 -36 -49 0
2632919 -36 -55 0
2632919 -36 -60 0
2632919 -36 -63 0
2632919 -36 -64 0
2632919 -36 -66 0
2632919 -36 -78 0
2632919 -36 -82 0
2632919 -36 -90 0
2632919 -36 -92 0
2632919 -37 -40 0
2632919 -37 -49 0
2632919 -37 -66 0
2632919 -37 -74 0
2632919 -37 -86 0
2632919 -38 -41 0
2632919 -38 -75 0
2632919 -38 -78 0
2632919 -38 -84 0
2632919 -38 -88 0
2632919 -39 -46 0
2632919 -39 -51 0
2632919 -39 -57 0
2632919 -39 -67 0
2632919 -39 -70 0
2632919 -39 -75 0
2632919 -39 -92 0
2632919 -39 -93 0
2632919 -40 -71 0
2632919 -40 -77 0
2632919 -40 -89 0
2632919 -40 -97 0
2632919 -41 -51 0
2632919 -41 -59 0
2632919 -41 -60 0
2632919 -41 -73 0
2632919 -41 -80 0
2632919 -41 -91 0
2632919 -41 -100 0
2632919 -42 -54 0
2632919 -42 -58 0
2632919 -42 -61 0
2632919 -42 -67 0
2632919 -42 -68 0
2632919 -42 -77 0
2632919 -42 -83 0
2632919 -42 -85 0
2632919 -42 -90 0
2632919 -42 -98 0
2632919 -43 -51 0
2632919 -43 -57 0
2632919 -43 -61 0
2632919 -43 -99 0
2632919 -44 -62 0
2632919 -44 -65 0
2632919 -44 -69 0
2632919 -44 -74 0
2632919 -44 -75 0
2632919 -44 -77 0
2632919 -44 -79 0
2632919 -44 -86 0
2632919 -44 -96 0
2632919 -44 -98 0
2632919 -45 -61 0
2632919 -45 -63 0
2632919 -45 -65 0
2632919 -45 -66 0
2632919 -45 -68 0
2632919 -45 -69 0
2632919 -45 -77 0
2632919 -45 -88 0
2632919 -45 -97 0
2632919 -45 -100 0
2632919 -46 -56 0
2632919 -46 -57 0
2632919 -46 -79 0
2632919 -46 -95 0
2632919 -46 -96 0
2632919 -47 -56 0
2632919 -47 -60 0
2632919 -47 -62 0
2632919 -47 -82 0
2632919 -47 -97 0
2632919 -48 -63 0
2632919 -48 -64 0
2632919 -48 -73 0
2632919 -48 -76 0
2632919 -48 -77 0
2632919 -48 -78 0
2632919 -48 -85 0
2632919 -49 -57 0
2632919 -49 -61 0
2632919 -49 -98 0
2632919 -50 -55 0
2632919 -50 -64 0
2632919 -50 -79 0
2632919 -50 -95 0
2632919 -50 -100 0
2632919 -51 -68 0
2632919 -51 -71 0
2632919 -51 -72 0
2632919 -51 -74 0
2632919 -51 -77 0
2632919 -51 -84 0
2632919 -52 -56 0
2632919 -52 -58 0
2632919 -52 -65 0
2632919 -52 -67 0
2632919 -52 -68 0
2632919 -52 -71 0
2632919 -52 -75 0
2632919 -52 -80 0
2632919 -52 -87 0
2632919 -52 -93 0
2632919 -52 -94 0
2632919 -52 -100 0
2632919 -53 -67 0
2632919 -53 -79 0
2632919 -53 -93 0
2632919 -54 -68 0
2632919 -54 -78 0
2632919 -54 -84 0
2632919 -54 -85 0
2632919 -54 -86 0
2632919 -55 -59 0
2632919 -55 -63 0
2632919 -55 -65 0
2632919 -55 -77 0
2632919 -55 -100 0
2632919 -56 -59 0
2632919 -56 -60 0
2632919 -56 -93 0
2632919 -56 -99 0
2632919 -57 -64 0
2632919 -57 -69 0
2632919 -57 -89 0
2632919 -58 -68 0
2632919 -58 -95 0
2632919 -58 -96 0
2632919 -59 -62 0
2632919 -59 -66 0
2632919 -59 -77 0
2632919 -60 -65 0
2632919 -60 -69 0
2632919 -60 -86 0
2632919 -61 -73 0
2632919 -61 -78 0
2632919 -61 -87 0
2632919 -62 -88 0
2632919 -63 -70 0
2632919 -63 -74 0
2632919 -63 -80 0
2632919 -63 -93 0
2632919 -64 -72 0
2632919 -64 -78 0
2632919 -64 -89 0
2632919 -64 -93 0
2632919 -65 -67 0
2632919 -65 -71 0
2632919 -65 -79 0
2632919 -65 -85 0
2632919 -66 -69 0
2632919 -66 -72 0
2632919 -66 -82 0
2632919 -66 -83 0
2632919 -67 -73 0
2632919 -67 -79 0
2632919 -67 -92 0
2632919 -68 -72 0
2632919 -68 -76 0
2632919 -68 -79 0
2632919 -68 -80 0
2632919 -68 -83 0
2632919 -68 -95 0
2632919 -68 -97 0
2632919 -68 -98 0
2632919 -69 -91 0
2632919 -69 -92 0
2632919 -70 -72 0
2632919 -71 -88 0
2632919 -71 -97 0
2632919 -72 -79 0
2632919 -72 -89 0
2632919 -72 -93 0
2632919 -72 -97 0
2632919 -73 -74 0
2632919 -73 -80 0
2632919 -73 -86 0
2632919 -74 -92 0
2632919 -74 -98 0
2632919 -74 -100 0
2632919 -75 -80 0
2632919 -75 -84 0
2632919 -75 -90 0
2632919 -75 -99 0
2632919 -76 -81 0
2632919 -76 -85 0
2632919 -76 -97 0
2632919 -77 -83 0
2632919 -77 -85 0
2632919 -77 -99 0
2632919 -78 -83 0
2632919 -79 -85 0
2632919 -80 -81 0
2632919 -80 -82 0
2632919 -80 -93 0
2632919 -80 -95 0
2632919 -82 -84 0
2632919 -82 -87 0
2632919 -82 -96 0
2632919 -83 -100 0
2632919 -84 -85 0
2632919 -84 -90 0
2632919 -84 -94 0
2632919 -84 -96 0
2632919 -85 -90 0
2632919 -88 -96 0
2632919 -90 -98 0
2632919 -90 -100 0
2632919 -92 -93 0
4680 22 32 44 45 47 50 56 62 65 80 84 0
8655 6 21 28 42 46 78 84 90 0
5464 7 19 21 37 38 39 44 45 47 48 74 0
8326 3 6 7 20 27 38 45 75 79 82 91 0
934 9 39 51 69 74 76 84 89 97 0
8466 9 12 19 27 46 47 61 64 78 0
7960 5 10 15 35 36 46 51 0
5125 4 19 41 61 77 86 0
3363 10 37 38 46 52 53 82 83 86 0
9626 12 68 78 88 93 0
2954 4 33 40 51 74 76 84 94 100 0
6980 11 16 35 38 47 54 61 65 76 84 93 0
8128 4 6 9 40 41 43 47 93 0
1394 22 29 46 47 56 58 68 69 72 99 0
1533 11 15 24 27 37 59 65 89 0
5596 27 33 34 35 39 40 63 77 80 100 0
6074 26 27 34 37 48 51 95 0
3138 4 19 34 36 45 51 64 84 0
1181 3 9 16 33 34 35 45 61 0
5275 11 12 15 51 67 68 84 100 0
5723 20 37 48 67 69 77 93 97 0
8505 15 19 69 84 0
4916 4 6 15 44 46 49 84 90 0
6820 5 22 28 33 42 47 50 51 60 61 67 72 86 90 91 93 95 97 0
9139 22 25 34 46 50 59 68 84 0
4007 37 41 63 74 92 100 0
2393 14 29 34 36 41 47 48 82 89 92 97 100 0
1155 6 15 29 42 44 58 0
8523 18 27 40 41 46 60 65 84 93 0
1458 6 34 36 38 41 58 67 74 92 97 100 0
7874 11 15 37 38 40 46 56 63 0
3202 4 59 80 81 84 91 93 100 0
112 4 6 10 12 41 45 47 65 68 78 84 95 0
9689 5 16 20 27 38 39 65 0
7880 5 10 34 36 55 63 68 84 90 0
1045 15 24 34 42 52 80 84 92 95 0
8154 15 16 37 61 64 72 93 96 97 0
5839 9 14 35 40 46 50 81 86 93 0
6169 22 27 33 61 63 79 81 0
7868 32 45 48 62 69 89 97 0
1816 5 22 30 34 55 75 77 79 82 0
9123 1 5 6 29 34 53 60 65 79 0
4848 4 5 10 18 32 49 52 62 75 77 0
6295 25 38 45 47 67 68 69 82 86 95 97 0
6868 33 34 36 37 44 46 63 64 68 73 74 78 92 95 0
2732 12 18 37 40 42 78 95 96 98 0
1890 16 45 47 66 79 82 90 93 0
9293 22 33 37 52 64 91 92 94 95 97 0
5869 15 32 35 56 59 69 72 79 80 89 92 94 100 0
3071 4 9 35 38 72 75 76 80 82 0
4568 4 18 31 37 38 50 62 82 84 86 99 0
7943 16 60 63 79 86 0
7927 10 22 34 35 36 38 51 64 78 80 82 89 97 0
5835 6 12 14 15 37 46 50 61 84 98 0
1114 16 21 23 38 45 75 0
3417 9 12 19 31 32 36 51 54 86 0
9841 18 32 38 40 41 46 48 50 51 64 80 97 0
9858 16 39 44 47 58 69 75 80 84 0
4571 9 16 18 36 39 53 65 86 97 0
4715 5 10 19 33 34 38 64 65 76 83 0
1315 4 9 15 19 36 38 61 62 68 84 90 100 0
8797 9 10 31 36 39 65 73 80 83 93 97 0
4268 4 9 23 34 35 46 69 80 82 0
1427 5 12 20 31 32 77 80 82 84 93 0
8485 16 46 49 50 53 55 73 0
2147 10 35 37 39 40 64 81 86 92 0
8823 6 19 29 37 39 46 47 48 55 63 80 84 90 0
6639 10 16 19 31 35 50 65 73 87 100 0
4338 11 19 32 38 48 54 61 67 88 93 99 0
4992 14 16 27 34 65 78 82 84 86 92 93 100 0
858 4 5 15 36 37 38 40 44 67 68 72 0
2505 5 10 36 40 51 52 59 60 62 64 68 84 100 0
466 9 18 27 39 44 47 53 64 65 76 96 97 0
5705 3 20 34 39 45 46 78 80 90 95 0
8800 9 10 16 17 31 34 38 52 61 65 91 92 93 0
3685 10 32 38 41 51 55 75 78 84 85 94 96 100 0
8437 4 5 6 38 84 91 0
689 9 15 26 67 77 78 84 91 93 99 0
2978 3 5 10 21 22 34 37 38 76 91 93 97 0
657 18 27 33 35 45 59 61 76 84 90 0
111 4 9 10 15 38 62 64 84 88 0
3897 19 45 46 47 58 59 65 92 0
8600 1 10 12 27 37 40 46 47 53 57 65 82 84 94 95 98 0
8038 3 21 35 45 47 54 62 69 86 0
9731 21 33 45 46 62 65 78 86 88 92 95 0
9713 12 16 35 37 40 46 50 79 93 94 95 0
1454 45 54 80 84 85 86 92 100 0
5923 5 6 9 19 36 40 41 45 61 80 0
9571 15 22 82 90 91 98 0
2377 6 15 18 19 35 40 44 45 58 59 84 92 0
6989 6 34 40 46 62 63 68 100 0
7237 19 49 65 66 69 76 90 0
7525 7 8 12 22 41 51 60 65 94 0
7608 5 19 33 38 72 80 0
8663 9 34 42 45 49 60 61 62 75 76 83 84 94 0
6009 10 11 12 50 60 65 81 93 94 97 0
6107 18 27 34 45 46 58 65 75 91 99 0
7486 6 21 37 41 68 75 78 93 0
8999 5 14 37 43 51 92 95 0
444 9 12 15 29 32 53 65 68 89 100 0
8829 19 20 51 53 76 79 89 0
9857 5 15 27 34 41 65 67 86 93 94 98 0
9300 11 19 34 38 47 50 62 63 72 80 83 84 0
9294 11 12 20 25 35 59 65 66 80 86 89 92 94 0
5561 10 21 22 37 99 0
8099 12 44 60 62 64 100 0
9330 6 11 14 39 45 51 52 67 83 92 0
349 16 34 41 44 54 59 67 79 93 100 0
5140 3 8 31 36 41 46 65 89 0
2307 5 8 21 27 35 40 43 50 82 84 92 97 0
1006 40 57 60 77 86 93 95 97 0
5250 3 8 10 12 14 15 19 21 22 41 43 47 61 65 67 91 0
2555 9 34 46 47 62 65 0
9605 1 6 10 78 81 86 96 0
9639 10 33 36 39 54 64 80 91 93 0
8637 37 42 45 47 50 51 63 76 77 80 97 0
5669 11 22 34 51 64 68 80 84 92 93 96 97 100 0
1093 10 37 38 39 41 64 72 0
4559 11 15 16 17 35 45 46 52 92 100 0
1591 34 41 46 62 81 92 97 0
9821 3 4 34 43 45 48 76 80 89 95 100 0
7899 3 5 12 22 50 68 76 80 0
8828 9 12 27 32 56 80 81 92 99 0
7345 8 12 16 21 39 46 61 68 78 82 88 97 0
5507 24 38 43 47 54 55 68 76 86 93 100 0
3842 40 58 63 80 83 90 92 94 0
9705 17 38 46 68 81 89 0
1613 10 11 12 15 27 40 41 47 54 58 63 64 67 75 76 82 89 92 97 0
7679 5 10 12 19 45 80 84 96 0
8704 41 45 47 53 54 65 78 82 100 0
8408 3 46 51 61 86 95 99 0
6507 10 18 27 45 50 58 89 93 0
4912 14 15 27 45 59 63 66 86 92 93 95 97 0
4059 15 36 40 45 46 52 80 84 91 93 0
2152 9 18 20 44 61 68 69 74 83 0
6824 24 40 48 65 74 84 95 0
2158 9 16 43 44 46 47 51 63 96 0
1482 8 9 15 35 39 52 77 0
7173 10 14 15 44 64 65 73 75 83 93 100 0
7297 3 15 37 38 45 62 63 84 91 0
140 4 5 15 23 27 34 39 46 50 51 77 82 92 97 100 0
4530 3 12 38 40 47 52 53 66 86 99 0
8898 15 16 43 75 80 88 0
2695 3 8 36 63 69 75 94 0
486 6 12 14 38 46 75 86 100 0
8537 10 15 22 38 45 50 52 61 65 76 95 0
1331 8 10 15 21 33 65 86 0
6154 5 12 16 20 29 34 36 39 44 46 50 59 89 95 0
5981 16 31 34 39 67 90 93 0
2242 15 19 65 67 84 95 100 0
4097 12 28 34 35 42 47 76 90 0
2153 11 34 37 39 41 42 69 78 80 84 94 97 99 100 0
140 11 30 39 40 63 91 93 94 95 0
9276 13 18 29 46 48 78 80 0
9497 6 10 11 16 27 47 48 54 73 0
1998 20 47 48 53 65 89 94 97 100 0
3117 8 10 19 36 40 47 58 68 80 81 82 86 89 95 97 0
5553 16 20 35 46 52 74 88 90 0
9962 5 14 15 17 42 65 68 77 92 93 100 0
796 8 10 38 46 50 63 64 65 75 80 93 95 0
4256 3 4 5 22 53 60 65 68 92 94 0
4721 6 9 40 42 78 93 100 0
3654 1 9 20 27 36 41 47 59 84 88 91 95 0
5519 12 36 37 44 61 100 0
8780 1 16 17 27 43 62 68 80 94 96 0
5806 15 16 22 27 46 48 95 100 0
2343 5 22 34 58 62 78 83 96 0
7289 19 31 34 37 38 45 59 77 0
3639 16 18 37 50 78 81 88 0
5867 14 19 50 51 84 86 0
937 10 16 36 51 54 79 91 93 96 97 0
3778 8 28 37 41 83 0
396 3 5 10 15 16 19 38 40 41 47 52 63 65 67 73 83 93 96 0
9834 8 35 67 73 75 83 97 0
6472 9 18 38 39 46 62 68 77 80 95 98 0
881 9 38 39 42 54 65 71 75 100 0
4722 3 17 20 38 59 0
4155 65 94 0
3386 9 15 19 27 31 36 37 52 63 68 90 95 0
702 8 9 34 46 50 68 72 0
6396 4 19 23 35 36 40 43 70 89 97 0
7482 3 16 27 40 51 64 67 96 0
2854 12 19 27 38 45 52 56 59 60 63 83 96 97 0
2887 10 33 64 83 89 96 0
3109 9 12 15 34 45 65 66 67 71 75 80 82 93 97 0
8702 3 8 15 33 34 43 45 63 65 93 0
1237 7 10 12 19 44 63 65 68 78 90 93 97 0
6226 8 12 16 19 41 42 46 60 67 68 70 73 76 77 82 92 95 99 0
4255 10 27 33 43 82 0
1198 9 11 19 32 51 54 59 65 68 82 90 94 97 0
3373 6 8 19 46 62 76 86 90 0
4862 10 15 23 41 47 54 59 60 63 68 79 89 0
2271 9 10 34 40 45 47 50 53 60 63 68 89 0
7026 9 21 39 45 68 76 99 0
381 5 21 34 36 41 45 52 69 88 93 0
1050 14 15 27 38 48 64 75 83 94 0
9183 17 26 27 38 50 54 89 0
9075 8 9 19 41 44 51 91 94 95 99 0
8338 8 9 18 19 47 56 85 96 0
2821 22 32 50 53 93 0
4941 21 27 37 40 51 75 89 90 0
9274 19 27 37 47 60 64 80 86 93 95 96 0
2951 40 45 53 54 76 91 93 97 0
5336 27 60 77 86 0
5459 10 36 42 84 0
9422 18 20 36 46 59 63 97 0
2568 9 12 27 47 64 79 86 87 94 0
181 8 22 24 50 51 63 80 86 89 0
9928 3 12 33 46 65 69 84 92 0
5953 38 40 52 54 59 68 76 95 99 0
882 3 39 47 51 55 62 63 84 97 98 0
6323 8 10 38 44 50 63 73 82 89 0
9787 17 26 27 34 41 62 63 84 0
88 5 8 15 32 40 46 59 72 80 84 0
5562 10 47 52 54 77 80 93 96 97 0
2895 4 5 31 38 57 59 62 84 88 93 0
8789 5 10 16 60 84 0
6798 6 19 34 36 49 76 93 95 98 99 0
5472 12 36 63 64 68 79 100 0
9395 58 60 65 68 0
4347 5 8 38 41 84 93 95 0
8844 27 47 59 62 63 65 79 0
4257 10 12 32 50 75 79 95 0
6617 8 10 11 17 35 37 45 47 50 75 86 90 0
2222 9 27 36 40 46 47 60 61 64 65 75 79 80 92 93 0
989 13 33 62 72 90 99 0
4018 8 12 45 48 65 78 82 86 90 93 98 100 0
7756 12 27 29 34 38 48 50 69 78 90 95 97 0
63 8 12 20 27 34 46 51 62 78 84 91 92 97 0
2355 5 8 27 34 35 40 47 49 52 64 77 80 93 95 0
6929 15 16 35 39 51 62 63 67 84 100 0
1355 10 12 33 34 37 41 45 63 64 78 88 0
7980 7 36 39 45 59 65 67 84 99 0
9879 10 35 37 51 60 69 73 94 95 100 0
3042 16 17 33 40 43 69 80 88 0
3439 6 15 38 41 43 45 47 48 77 80 89 91 98 0
5652 6 9 22 36 51 58 75 91 93 95 0
5609 14 17 20 38 41 46 62 78 80 86 96 100 0
3619 8 44 47 64 68 78 97 0
5580 9 10 20 36 37 52 59 95 97 99 100 0
7913 6 10 35 50 68 73 93 0
852 19 74 78 93 0
8254 19 20 34 39 75 83 89 100 0
7699 34 52 63 65 78 83 95 97 100 0
939 6 19 23 39 41 47 51 52 60 64 81 86 87 0
3815 4 22 28 35 37 39 40 43 47 54 62 64 78 79 83 0
6946 23 46 52 59 64 68 86 89 100 0
6080 9 10 11 16 38 44 52 55 78 84 97 0
612 12 15 19 25 35 37 40 44 47 51 84 89 95 100 0
2417 4 6 16 45 52 67 78 80 89 0
1826 1 15 16 33 42 44 52 64 73 90 91 93 94 96 100 0
1311 6 28 29 36 44 45 49 61 91 93 0
7613 31 32 40 41 50 65 88 0
2434 3 10 12 27 33 35 48 52 69 75 77 78 94 0
7927 9 12 21 32 34 40 47 62 65 68 78 0
6186 8 10 12 14 16 50 62 69 78 82 95 0
3422 5 6 11 12 34 36 41 46 47 64 73 78 0
1945 10 12 20 33 42 54 61 64 65 77 90 0
3941 37 40 47 50 69 72 80 84 87 100 0
9836 5 10 14 15 16 27 33 34 47 48 58 65 68 73 78 89 94 96 100 0
651 10 14 16 27 31 37 39 45 46 60 63 68 96 100 0
869 3 25 35 63 81 86 96 99 0
7542 6 8 10 27 40 47 50 63 78 80 0
4983 40 50 53 65 68 93 99 0
747 29 46 59 64 76 78 82 84 86 97 0
583 8 16 33 49 76 79 0
8421 3 10 12 15 16 32 36 59 62 68 69 76 81 82 86 92 0
2751 12 22 23 27 40 45 47 51 59 65 86 91 0
6191 5 16 40 76 80 81 88 0
8391 15 22 33 34 35 38 42 47 54 64 68 84 92 0
8330 2 37 39 40 44 46 47 62 76 86 98 0
4104 14 15 19 39 68 80 90 97 0
5594 4 5 9 16 30 34 41 54 84 93 0
6583 6 47 90 0
8154 34 37 52 61 67 68 80 81 84 0
2885 6 23 38 45 46 61 81 86 90 92 100 0
398 3 5 10 16 29 42 54 63 80 97 100 0
5099 7 33 48 51 65 80 88 90 94 95 99 0
8964 4 9 14 39 40 41 46 73 75 100 0
7361 9 19 27 29 36 39 48 68 74 92 97 0
7516 3 15 39 61 69 76 77 78 79 82 96 0
7141 1 14 16 37 41 47 52 55 73 78 89 0
8671 32 45 59 83 86 99 0
5128 31 34 43 47 68 90 91 100 0
9575 12 37 38 39 50 55 65 80 95 0
2950 6 15 16 31 37 48 50 52 57 94 95 0
1313 15 34 35 38 39 46 47 52 58 65 0
2996 16 29 47 61 68 78 84 89 94 95 100 0
1246 42 46 54 56 68 75 78 94 0
1605 1 5 15 20 45 65 73 79 80 0
9184 19 20 37 40 48 52 65 66 76 78 93 0
8248 10 14 27 34 44 82 86 90 96 0
8826 10 16 27 58 62 74 75 84 92 95 0
6725 8 25 36 40 45 52 66 79 86 89 95 0
3230 15 29 35 46 75 86 100 0
5924 17 21 32 36 41 42 44 65 68 73 0
7308 23 40 47 68 82 0
8002 5 16 39 40 42 51 54 67 68 80 86 93 0
8674 5 14 31 34 80 82 0
9850 8 12 20 36 37 47 52 67 0
6392 1 40 42 69 78 91 0
7003 10 46 50 56 65 79 84 93 95 97 100 0
305 12 14 16 21 35 36 38 39 52 63 68 78 84 0
8338 5 18 19 34 45 50 55 57 77 80 97 100 0
3586 5 23 27 29 40 60 63 64 67 68 89 100 0
8459 12 60 80 0
1222 5 6 46 49 51 68 75 82 0
335 10 17 21 24 32 59 68 78 0
3557 12 37 39 75 79 81 0
6537 34 41 50 59 75 77 78 86 96 100 0
4047 11 16 35 41 43 45 53 76 84 94 0
1072 21 46 47 54 60 67 77 84 89 95 0
3677 10 15 31 36 42 46 74 0
9070 6 36 37 45 55 61 67 78 88 93 96 0
2551 5 9 34 36 52 57 62 63 93 98 0
3251 5 6 10 37 40 47 67 81 90 0
2019 22 43 56 64 100 0
215 4 15 40 41 52 0
2599 15 40 58 62 73 77 80 82 89 0
9616 6 9 27 47 63 66 78 82 88 96 0
1820 6 22 28 50 51 68 86 0
1782 7 15 42 55 58 63 68 73 89 0
7863 11 36 38 55 80 88 0
6997 12 14 16 33 34 40 49 61 65 67 68 79 81 91 99 0
4858 9 19 22 39 40 43 56 86 90 93 0
1093 1 5 16 32 63 80 89 94 0
2920 17 39 44 47 62 73 79 86 96 99 0
8517 4 46 50 51 63 68 78 80 89 91 0
9094 15 32 39 40 52 63 97 99 0
1594 8 9 19 50 62 83 0
8367 8 37 58 62 80 89 90 97 100 0
1838 5 54 73 77 81 93 0
8596 4 9 29 38 50 55 59 62 64 67 68 78 88 0
8671 27 46 47 58 65 73 78 86 93 97 0
175 17 38 40 45 46 47 51 59 68 75 82 86 94 0
8533 9 23 27 45 84 86 96 0
7129 12 32 42 43 47 51 54 86 96 97 0
7748 3 5 6 15 40 43 45 67 75 95 0
5219 1 50 68 75 76 0
7038 5 39 53 55 82 94 95 0
4284 5 15 19 42 45 64 68 80 93 0
9266 15 16 19 35 37 38 80 81 94 0
4461 9 29 50 62 65 84 89 97 0
7960 3 6 9 21 22 37 38 51 60 61 92 0
8335 18 22 27 39 53 59 86 0
7012 4 12 27 37 51 54 55 99 0
1211 18 44 45 48 50 66 92 0
6705 15 25 40 47 48 50 79 0
3578 12 21 41 45 64 73 77 80 90 95 0
161 1 3 10 12 20 40 45 46 59 60 86 94 95 0
6320 5 6 8 34 35 44 51 52 80 86 89 94 0
1749 15 27 32 33 35 75 77 93 0
1942 9 36 48 62 67 72 94 95 0
4182 1 4 9 17 27 42 64 72 88 0
8745 5 40 44 47 50 51 63 78 86 0
6799 14 21 46 47 76 78 79 81 86 87 92 94 0
1626 39 60 78 84 100 0
1665 36 62 73 82 89 95 100 0
1668 8 10 21 27 52 58 69 0
7072 4 10 12 15 35 39 41 50 51 60 64 68 80 93 0
3258 9 10 22 34 40 42 47 48 58 63 79 84 89 100 0
34 10 12 13 19 41 63 72 81 84 91 0
8909 10 43 49 64 72 84 98 0
8205 33 37 44 46 47 54 62 84 95 0
8704 6 39 47 54 58 61 68 73 82 0
5435 3 4 6 8 36 92 99 0
6738 8 38 48 51 54 65 68 73 82 93 0
2185 5 10 14 20 34 36 41 43 80 97 0
3182 3 6 12 18 21 22 34 36 39 51 54 59 63 69 81 82 86 0
8308 16 35 39 43 58 72 74 97 0
9222 4 29 40 41 42 46 47 67 82 90 91 0
3817 8 9 16 43 75 86 96 100 0
7573 5 10 16 31 46 62 67 0
3682 3 16 21 29 37 46 59 66 96 0
1776 5 6 8 22 38 39 40 54 58 62 69 89 0
2259 1 5 15 27 32 34 36 67 68 69 82 0
7045 5 6 15 33 34 35 38 68 72 95 0
9338 6 9 16 17 22 25 37 47 55 81 86 0
8963 23 30 31 34 36 42 46 63 64 80 89 97 0
623 3 14 27 34 40 68 76 80 84 86 87 92 96 0
9498 11 16 32 45 46 57 97 0
5282 8 9 12 15 40 46 52 53 75 77 0
2371 31 33 40 59 63 75 76 80 89 100 0
7791 12 20 36 38 52 59 60 64 0
5816 10 17 29 33 44 54 63 68 78 83 0
7468 12 19 33 38 42 44 50 58 75 76 82 93 99 100 0
942 5 29 43 49 57 76 82 93 99 0
7441 9 14 34 37 40 50 55 59 75 84 93 99 100 0
9132 16 22 29 34 37 56 75 76 82 86 91 95 96 0
2609 32 35 39 44 81 97 0
4512 34 47 52 53 59 64 100 0
8741 2 5 11 35 46 75 80 81 82 97 98 0
2642 1 9 10 31 36 46 60 65 73 76 78 0
9772 4 5 12 15 29 36 38 40 46 52 61 73 86 93 100 0
6945 5 9 19 34 37 45 50 58 64 68 84 100 0
7697 15 31 44 47 50 89 95 0
1558 10 34 63 64 73 80 88 93 95 0
34 6 32 35 40 42 44 51 90 97 99 0
9881 9 36 40 47 61 65 89 90 95 96 0
1091 15 16 19 40 41 45 61 66 73 80 86 89 91 94 0
8342 6 9 10 22 46 47 51 52 86 91 95 99 0
5454 6 20 29 40 50 55 86 96 100 0
4907 14 15 34 46 47 68 86 92 0
2266 9 36 40 41 42 47 52 64 68 94 100 0
5488 5 6 31 38 40 41 52 54 80 96 0
3035 3 10 21 36 39 56 59 62 65 82 85 93 95 99 0
4525 3 8 22 33 36 54 60 86 96 0
2532 6 8 20 48 61 69 89 90 97 0
2372 5 6 15 21 25 41 80 89 91 100 0
3487 3 5 27 45 52 80 84 0
9506 3 4 5 15 18 34 68 77 79 0
8222 15 35 37 54 65 0
5121 3 5 10 15 19 38 45 60 62 65 78 96 97 0
8229 5 19 22 27 29 38 47 52 62 64 73 95 97 0
6012 5 8 15 28 34 41 51 92 0
7288 6 19 38 54 78 82 0
5696 4 42 45 47 49 55 66 92 0
6953 8 27 36 65 81 84 93 97 0
1080 6 15 18 19 39 50 77 84 93 0
4827 22 29 37 44 48 50 64 68 75 97 0
9561 6 15 17 22 27 65 67 91 92 100 0
1944 3 10 22 34 35 58 64 66 78 95 0
9919 4 11 16 20 35 48 62 63 64 72 77 84 93 0
8554 9 33 36 40 46 51 62 65 68 69 73 84 95 0
8067 10 20 27 56 82 84 87 98 0
6863 9 15 16 31 44 48 51 68 93 0
6251 4 27 34 35 39 57 68 73 80 89 95 97 0
9625 6 9 47 55 68 76 80 82 89 95 97 0
6897 33 48 51 64 89 0
2483 3 5 10 15 29 32 41 47 53 65 79 81 95 0
7067 14 36 62 65 68 69 80 87 93 0
1590 10 16 19 35 39 50 73 75 95 0
4289 1 5 15 36 63 76 86 0
1974 33 80 81 84 100 0
3855 12 44 45 68 93 94 95 96 0
9776 3 10 27 35 51 52 59 63 74 90 0
5008 10 36 39 41 44 62 80 83 86 0
8379 4 18 20 29 31 44 52 54 56 64 77 86 0
8659 33 38 41 55 62 95 0
3731 8 41 46 53 54 57 79 84 96 0
8218 4 16 20 21 27 31 37 40 59 64 82 86 95 98 0
8165 1 10 14 36 46 48 50 91 95 0
1952 4 8 16 31 37 55 64 77 92 0
9690 11 16 35 37 38 45 79 94 95 0
6393 9 12 31 46 50 68 73 78 80 81 93 99 100 0
7964 8 11 16 21 39 51 52 54 68 77 82 90 94 95 96 0
6977 9 12 31 41 46 47 49 65 79 89 97 0
2088 15 22 24 25 32 40 46 80 82 86 94 0
1268 4 37 63 77 78 93 100 0
8056 10 34 37 59 61 90 0
3266 5 21 34 36 40 56 67 68 73 79 84 90 95 97 0
7181 12 15 27 93 0
6351 10 19 46 50 54 68 80 84 0
3184 23 38 42 46 69 90 93 97 100 0
5734 27 31 48 52 76 80 84 91 94 97 0
4418 5 33 37 53 63 97 0
6398 3 16 22 34 53 64 80 97 0
8336 16 29 42 46 63 66 77 84 0
4042 34 68 82 0
3294 10 18 27 35 36 44 54 57 58 66 67 90 96 100 0
7171 6 15 19 29 34 35 40 45 47 82 87 0
1108 41 73 94 0
4883 1 25 37 39 41 65 77 79 80 82 97 0
1459 5 17 29 45 53 60 78 91 97 0
9433 4 34 39 41 45 52 81 91 0
5090 1 4 15 27 37 47 64 79 86 0
7586 6 16 27 33 34 43 47 76 91 0
4440 8 21 93 0
3468 12 14 15 27 36 45 47 52 64 68 82 84 0
6244 10 12 15 63 80 81 84 90 92 100 0
4523 21 27 44 46 80 99 0
8037 1 10 22 35 37 52 84 93 95 100 0
760 9 16 77 78 86 90 95 0
6474 6 14 22 27 32 33 36 37 58 62 63 78 82 83 93 95 0
7726 5 9 10 12 33 48 68 69 95 0
7152 1 9 10 32 47 57 62 65 0
789 5 6 35 40 48 68 84 0
4702 8 12 46 48 51 54 59 63 64 83 84 0
5591 15 33 37 39 86 93 98 0
8409 3 9 40 46 48 66 78 79 89 97 100 0
9110 16 34 36 40 46 61 62 65 0
5208 4 5 10 15 31 38 40 66 75 84 90 91 0
5589 8 15 17 19 54 61 80 95 0
5460 9 45 48 60 65 78 95 0
8391 16 20 33 40 44 47 72 93 95 99 0
7674 12 20 29 41 62 0
9877 5 29 31 51 56 61 63 83 0
1141 10 13 20 64 77 96 97 99 100 0
6010 5 11 12 33 34 37 44 48 53 69 79 84 0
270 9 43 47 58 61 87 93 0
4434 10 18 22 36 37 65 69 96 0
9532 6 19 27 30 41 47 65 67 72 91 93 97 100 0
7730 6 38 54 80 84 0
5669 10 14 33 34 37 39 59 64 68 76 78 96 97 100 0
990 5 9 11 19 28 40 59 61 68 73 84 0
7162 9 16 19 21 40 50 69 77 91 99 0
758 3 12 34 46 62 65 69 86 92 0
4927 9 11 16 19 27 29 34 37 48 77 84 100 0
7954 4 6 9 37 38 44 45 51 64 68 73 95 0
577 10 12 15 19 23 35 36 48 61 74 78 100 0
