100 500
4680 8655 5464 8326 934 8466 7960 5125 3363 9626 2954 6980 8128 1394 1533 5596 6074 3138 1181 5275 5723 8505 4916 6820 9139 4007 2393 1155 8523 1458 7874 3202 112 9689 7880 1045 8154 5839 6169 7868 1816 9123 4848 6295 6868 2732 1890 9293 5869 3071 
4568 7943 7927 5835 1114 3417 9841 9858 4571 4715 1315 8797 4268 1427 8485 2147 8823 6639 4338 4992 858 2505 466 5705 8800 3685 8437 689 2978 657 111 3897 8600 8038 9731 9713 1454 5923 9571 2377 6989 7237 7525 7608 8663 6009 6107 7486 8999 444 
8829 9857 9300 9294 5561 8099 9330 349 5140 2307 1006 5250 2555 9605 9639 8637 5669 1093 4559 1591 9821 7899 8828 7345 5507 3842 9705 1613 7679 8704 8408 6507 4912 4059 2152 6824 2158 1482 7173 7297 140 4530 8898 2695 486 8537 1331 6154 5981 2242 
4097 2153 140 9276 9497 1998 3117 5553 9962 796 4256 4721 3654 5519 8780 5806 2343 7289 3639 5867 937 3778 396 9834 6472 881 4722 4155 3386 702 6396 7482 2854 2887 3109 8702 1237 6226 4255 1198 3373 4862 2271 7026 381 1050 9183 9075 8338 2821 
4941 9274 2951 5336 5459 9422 2568 181 9928 5953 882 6323 9787 88 5562 2895 8789 6798 5472 9395 4347 8844 4257 6617 2222 989 4018 7756 63 2355 6929 1355 7980 9879 3042 3439 5652 5609 3619 5580 7913 852 8254 7699 939 3815 6946 6080 612 2417 
1826 1311 7613 2434 7927 6186 3422 1945 3941 9836 651 869 7542 4983 747 583 8421 2751 6191 8391 8330 4104 5594 6583 8154 2885 398 5099 8964 7361 7516 7141 8671 5128 9575 2950 1313 2996 1246 1605 9184 8248 8826 6725 3230 5924 7308 8002 8674 9850 
6392 7003 305 8338 3586 8459 1222 335 3557 6537 4047 1072 3677 9070 2551 3251 2019 215 2599 9616 1820 1782 7863 6997 4858 1093 2920 8517 9094 1594 8367 1838 8596 8671 175 8533 7129 7748 5219 7038 4284 9266 4461 7960 8335 7012 1211 6705 3578 161 
6320 1749 1942 4182 8745 6799 1626 1665 1668 7072 3258 34 8909 8205 8704 5435 6738 2185 3182 8308 9222 3817 7573 3682 1776 2259 7045 9338 8963 623 9498 5282 2371 7791 5816 7468 942 7441 9132 2609 4512 8741 2642 9772 6945 7697 1558 34 9881 1091 
8342 5454 4907 2266 5488 3035 4525 2532 2372 3487 9506 8222 5121 8229 6012 7288 5696 6953 1080 4827 9561 1944 9919 8554 8067 6863 6251 9625 6897 2483 7067 1590 4289 1974 3855 9776 5008 8379 8659 3731 8218 8165 1952 9690 6393 7964 6977 2088 1268 8056 
3266 7181 6351 3184 5734 4418 6398 8336 4042 3294 7171 1108 4883 1459 9433 5090 7586 4440 3468 6244 4523 8037 760 6474 7726 7152 789 4702 5591 8409 9110 5208 5589 5460 8391 7674 9877 1141 6010 270 4434 9532 7730 5669 990 7162 758 4927 7954 577 

1 21
250 162 471 465 432 41 300 113 475 441 164 349 281 392 338 375 353 82 289 325 462 
11
22 26 39 40 46 59 76 78 80 97 98 
2 2
270 391 
13
6 16 17 18 25 28 32 47 53 74 85 88 95 
3 43
496 253 365 349 141 435 139 479 405 3 373 410 130 111 208 276 421 379 120 83 337 78 456 160 121 185 343 368 210 143 176 18 108 266 406 73 280 261 409 172 181 429 412 
8
4 13 22 23 65 70 91 92 
4 45
62 272 345 17 370 76 464 353 50 332 440 215 481 7 160 327 80 317 70 465 448 49 365 32 437 42 410 393 60 245 31 426 498 10 140 359 278 120 416 422 12 249 180 22 442 
13
3 8 20 25 26 30 38 44 62 73 78 88 92 
5 79
488 315 394 463 297 350 429 34 23 408 216 450 213 259 486 78 412 393 59 229 71 6 340 325 158 215 289 331 455 121 376 42 220 339 172 409 93 256 414 298 474 140 410 76 372 304 337 166 87 413 128 194 303 63 476 98 432 147 314 481 386 404 70 33 367 374 40 160 494 375 41 391 109 276 354 272 101 268 306 
15
8 12 13 17 20 24 36 39 43 64 80 87 90 96 98 
6 64
217 244 320 337 87 154 408 498 256 466 420 262 401 492 97 306 377 365 1 350 113 374 41 368 376 400 235 22 427 190 32 491 106 27 343 66 251 29 236 315 473 144 460 275 90 53 418 415 476 397 89 273 313 76 12 249 407 404 364 285 161 3 240 319 
7
2 45 58 84 86 91 95 
7 7
232 277 186 2 321 3 92 
6
18 29 31 52 62 69 
8 51
207 365 330 228 185 197 143 173 198 220 299 211 417 477 255 366 445 482 156 226 442 146 109 293 371 213 407 229 414 467 223 381 238 159 171 329 92 111 190 179 374 137 262 108 187 265 358 350 406 439 123 
10
4 5 46 47 59 66 72 82 89 97 
9 79
343 192 377 61 272 474 134 55 37 371 94 489 475 189 4 423 278 193 360 425 314 77 472 174 332 137 392 58 494 99 178 324 254 87 162 329 62 80 247 403 236 206 398 319 483 49 444 161 495 12 179 122 175 342 184 136 400 5 479 497 18 352 353 394 60 381 197 74 387 224 198 498 335 427 72 239 446 112 279 
11
15 17 19 31 53 55 63 68 76 88 99 
10 96
421 487 188 52 146 384 260 32 307 474 291 360 74 349 253 372 214 367 405 71 42 469 499 183 104 396 493 159 475 65 223 361 59 138 170 231 362 204 441 34 113 262 95 429 131 315 82 240 8 452 154 75 400 233 111 424 257 61 431 172 239 276 301 222 78 412 490 156 358 191 186 216 459 292 266 128 6 211 67 471 392 312 145 192 359 80 247 255 114 127 117 481 435 449 436 259 
10
13 39 40 59 60 62 72 85 86 93 
11 29
30 247 494 322 154 68 11 102 422 443 106 127 497 103 256 310 14 116 380 152 189 19 95 391 151 118 488 223 445 
6
37 59 72 82 93 94 
12 75
469 121 393 254 9 150 308 63 434 208 19 256 488 228 55 499 383 323 446 349 186 92 111 348 32 103 182 284 255 218 302 381 144 85 474 299 141 184 105 53 477 82 267 361 45 368 5 163 496 253 95 127 206 122 359 266 187 345 123 222 128 444 99 257 336 451 147 305 226 248 485 385 227 231 468 
15
5 14 26 30 35 49 58 62 63 72 73 82 86 89 95 
13 4
225 361 487 153 
13
3 5 10 22 27 30 44 60 73 76 77 81 95 
14 34
430 278 468 98 144 255 323 138 298 260 379 387 493 271 237 367 441 37 259 111 26 355 281 195 158 53 169 132 302 473 69 106 291 402 
7
12 39 41 64 84 86 93 
15 92
14 142 101 30 213 317 149 48 53 376 451 137 250 408 412 140 478 399 469 395 158 21 337 465 70 481 410 347 22 259 133 429 271 89 111 269 35 420 341 165 499 191 393 402 235 351 184 328 138 375 27 185 482 80 414 19 468 289 178 266 99 286 88 195 432 248 359 447 280 294 127 318 460 381 285 118 425 230 172 60 139 77 411 145 312 132 6 340 418 146 321 36 
7
9 18 24 31 60 75 95 
16 77
440 172 369 147 302 422 18 255 325 154 234 51 11 33 457 310 268 64 380 58 216 281 123 466 495 67 425 250 472 54 323 165 287 445 297 181 497 260 292 371 456 377 187 266 276 118 74 69 148 259 36 431 443 285 480 164 85 272 399 247 484 168 107 265 388 230 341 142 372 157 46 170 249 442 57 136 373 
11
2 24 37 41 59 71 78 80 87 88 90 
17 21
234 295 212 196 307 118 377 326 384 237 126 158 176 74 164 463 353 420 334 482 223 
14
2 5 9 23 24 27 49 50 69 74 79 81 95 100 
18 26
134 418 344 410 368 72 490 303 346 50 198 45 96 28 42 153 79 459 89 174 131 205 168 437 58 56 
11
2 7 15 21 36 46 48 60 78 80 92 
19 65
167 271 91 186 89 290 68 81 2 156 452 385 361 329 60 201 187 244 7 431 394 482 324 87 198 189 460 169 248 128 418 497 102 172 93 217 59 415 494 178 67 241 399 303 66 197 21 100 495 279 491 17 412 242 5 413 190 111 341 499 55 149 182 340 180 
7
9 41 44 66 87 89 95 
20 34
257 162 437 289 155 134 383 3 484 299 349 157 440 33 239 424 407 228 487 147 73 63 100 290 401 367 485 242 20 205 103 176 237 422 
8
4 5 48 51 66 74 84 100 
21 34
2 408 445 1 373 355 343 84 358 193 295 440 467 97 104 450 302 307 470 54 495 78 123 109 368 146 405 348 200 311 254 111 83 194 
12
18 29 34 51 53 57 60 63 76 91 94 96 
22 46
413 40 320 360 38 160 419 24 78 236 473 316 0 207 343 121 47 111 269 406 145 165 199 421 88 388 13 92 23 374 490 245 166 324 344 116 420 104 400 471 267 52 368 447 456 377 
13
1 3 13 24 30 32 53 59 68 70 84 85 88 
23 15
246 244 499 304 191 140 378 180 275 54 453 62 267 335 296 
9
3 17 36 60 61 63 71 91 97 
24 7
207 135 124 447 307 35 14 
14
5 15 16 17 22 29 34 48 62 67 68 75 77 88 
25 11
408 293 377 462 248 347 24 43 447 261 103 
11
2 4 26 36 48 50 64 67 88 90 94 
26 4
16 212 196 77 
9
1 4 12 25 29 30 40 83 84 
27 77
451 224 228 465 164 229 466 304 131 140 267 188 109 351 413 79 182 454 375 16 253 195 353 33 473 96 333 491 101 259 417 162 344 28 435 154 470 127 206 132 212 291 227 69 292 201 122 440 203 165 335 14 409 196 38 15 459 5 200 358 279 468 72 221 379 424 345 262 420 181 260 497 426 178 319 3 82 
13
13 17 31 42 57 62 67 68 70 73 87 90 96 
28 9
245 251 494 1 171 150 320 414 23 
3
2 32 99 
29 35
384 27 373 276 413 485 41 419 388 437 287 393 99 370 463 429 279 66 251 401 386 497 460 304 13 457 332 147 264 486 227 153 26 342 294 
11
7 21 24 26 38 39 51 66 69 72 83 
30 5
378 272 491 152 40 
10
4 12 13 22 26 54 59 78 80 89 
31 32
442 440 283 61 486 63 285 50 215 252 178 437 67 382 312 55 425 108 404 167 395 378 454 481 444 74 148 260 392 446 372 298 
11
7 9 15 27 52 55 59 73 83 93 97 
32 33
75 63 252 429 213 99 380 189 254 328 295 397 222 0 389 56 39 122 307 48 282 351 55 473 325 199 68 475 447 336 375 42 266 
10
2 22 28 34 41 44 53 72 81 84 
33 47
466 428 44 438 385 351 114 208 23 250 257 183 269 484 10 84 406 15 234 382 493 18 277 188 146 225 59 47 363 384 478 423 265 455 376 473 474 79 259 185 323 231 433 38 253 488 93 
6
41 57 77 84 85 93 
34 93
35 217 480 59 112 148 394 227 69 464 96 421 254 184 17 78 497 376 456 298 140 150 387 466 102 269 388 151 309 166 29 194 231 73 402 323 24 291 458 101 496 107 274 450 283 116 272 414 256 493 303 449 379 212 94 15 228 90 367 192 16 350 488 52 34 368 242 378 44 40 286 119 41 375 147 314 410 243 259 426 390 74 360 26 120 229 62 396 460 179 167 18 185 
7
21 24 32 72 78 90 99 
35 58
359 62 369 180 18 426 85 6 350 245 230 118 48 443 109 459 376 89 422 52 435 157 83 67 471 49 286 79 15 173 240 351 431 499 341 411 253 103 261 65 460 302 223 391 233 269 397 476 150 229 137 11 248 421 294 310 389 37 
8
12 36 40 49 57 71 75 85 
36 73
352 194 302 367 163 224 114 430 170 383 398 26 251 468 423 162 61 406 432 70 239 44 322 6 480 256 87 403 218 60 156 393 314 499 178 365 417 180 375 217 55 450 143 459 71 34 293 312 52 368 405 232 490 133 299 378 17 392 313 473 236 147 295 58 205 279 441 204 108 266 29 357 436 
16
5 18 23 25 35 40 49 55 60 63 64 66 78 82 90 92 
37 79
285 65 223 168 14 488 36 308 498 377 44 394 315 70 465 248 97 104 25 341 20 455 473 139 419 85 373 299 490 411 16 231 117 284 47 363 442 50 281 448 387 53 290 313 471 8 78 245 82 274 98 493 178 345 201 443 115 449 260 330 163 497 239 2 66 233 343 258 462 270 167 30 388 151 45 440 171 200 478 
7
11 16 40 49 66 74 86 
38 74
443 209 247 145 235 393 75 59 343 3 269 11 215 56 302 144 102 8 415 284 126 50 366 211 2 70 29 49 286 341 167 404 237 52 220 141 30 182 498 54 481 74 275 196 117 76 383 124 93 172 174 332 33 195 322 175 412 385 227 453 374 78 80 159 176 413 334 492 376 60 139 68 43 438 
7
4 29 41 75 78 84 88 
39 63
308 328 66 57 244 369 2 364 242 123 245 324 344 464 148 175 445 426 493 271 72 230 151 193 114 15 431 297 374 137 58 462 174 280 359 106 61 140 278 436 339 260 418 33 270 4 478 286 302 65 284 232 117 147 152 389 73 210 368 279 356 405 326 
13
1 5 10 14 29 46 51 57 67 70 75 92 93 
40 91
82 192 270 360 90 56 37 318 209 252 85 398 245 324 403 397 476 28 381 30 267 109 172 65 399 354 387 71 229 268 110 10 423 89 181 258 337 440 323 156 393 479 374 45 379 263 152 87 254 290 234 401 480 125 296 481 300 133 370 297 127 460 293 135 278 224 382 248 334 450 213 447 315 262 70 404 200 304 347 180 141 484 317 12 161 495 328 202 494 349 15 
10
1 10 26 35 36 37 71 77 89 97 
41 63
220 462 194 129 244 7 75 25 235 461 272 12 191 491 310 231 101 97 92 408 171 252 119 367 446 429 439 281 361 212 370 26 485 56 28 107 295 172 403 87 197 32 111 348 237 127 404 108 187 29 278 436 162 399 117 309 151 256 414 317 464 359 438 
13
14 16 19 32 33 38 51 59 60 73 80 91 100 
42 36
457 161 276 321 23 312 288 204 385 269 158 94 353 150 187 340 115 300 416 453 397 360 27 175 336 151 297 1 370 45 378 295 250 403 35 257 
11
27 54 58 61 67 68 77 83 85 90 98 
43 28
362 466 234 12 337 371 489 235 124 369 324 185 111 120 316 367 180 386 164 310 136 142 245 109 283 98 188 336 
5
5 51 57 61 99 
44 47
459 211 425 346 138 350 470 248 27 389 238 72 57 136 70 291 354 44 419 498 363 437 89 484 247 326 250 105 270 295 434 197 436 488 251 395 0 163 385 22 107 186 147 384 397 2 134 
14
4 13 19 32 62 65 69 74 75 77 79 86 96 98 
45 76
260 249 232 87 399 83 335 235 84 349 128 443 226 463 192 129 184 86 139 89 293 194 115 120 3 32 348 282 483 167 313 202 133 54 275 223 460 434 118 39 81 2 193 185 106 18 334 132 409 251 94 464 131 289 394 337 416 46 267 346 43 380 303 145 498 340 182 79 0 96 17 412 310 231 468 73 
11
6 61 63 65 66 68 69 77 88 97 100 
46 94
81 228 179 439 24 133 392 237 355 56 190 85 8 96 333 13 62 294 373 208 174 246 447 187 363 126 144 311 153 64 301 446 112 270 349 1 159 260 264 5 84 28 278 423 256 441 73 480 6 327 90 165 402 479 312 136 470 108 275 477 82 130 288 457 123 378 44 147 380 213 157 37 444 453 286 119 30 496 22 53 306 370 381 334 400 66 391 224 393 205 372 452 118 140 
9
1 8 18 39 56 57 79 95 96 
47 97
72 259 23 206 484 150 273 286 201 57 224 427 2 336 319 398 32 111 254 333 491 229 299 466 258 82 416 360 26 12 198 156 136 269 102 326 475 141 355 244 235 402 13 347 162 83 468 223 390 311 267 460 287 214 446 112 191 270 395 413 0 334 315 465 283 46 154 127 364 403 245 256 115 489 155 354 370 238 124 192 429 262 363 43 377 210 129 296 281 81 248 11 5 172 400 66 221 
7
2 8 56 60 62 82 97 
48 44
474 346 425 407 277 454 66 279 20 419 195 227 153 290 226 68 120 154 477 366 155 488 422 235 253 16 497 165 428 499 352 39 483 476 2 360 56 135 285 26 441 479 347 259 
11
18 20 24 25 63 64 73 76 77 78 85 
49 15
91 386 22 362 446 265 217 251 64 306 323 94 229 42 416 
8
12 17 35 36 37 57 61 98 
50 64
50 309 255 329 192 285 67 140 168 223 147 37 394 338 102 23 418 320 385 227 199 347 284 131 159 252 196 354 332 95 327 169 441 24 419 359 211 53 85 401 495 258 179 121 342 263 207 444 301 64 222 395 0 115 431 452 240 262 387 56 145 303 346 109 
7
17 25 55 64 79 95 100 
51 61
140 336 359 92 136 423 477 228 55 115 498 100 197 233 75 10 306 230 425 267 248 327 169 354 428 17 350 486 170 244 207 397 181 23 4 320 189 414 98 19 130 56 366 445 334 297 16 345 277 435 116 6 343 106 210 368 52 200 236 71 400 
12
20 21 29 39 41 43 68 71 72 74 77 84 
52 57
239 281 290 182 435 47 274 299 141 178 137 317 286 390 74 471 244 133 350 194 157 42 358 437 400 249 328 106 243 413 381 302 209 468 404 246 214 293 145 229 71 383 285 464 454 247 393 314 172 409 253 35 118 250 8 403 445 
14
7 31 56 58 65 67 68 71 75 80 87 93 94 100 
53 27
72 390 439 463 99 58 429 129 456 160 100 202 344 381 455 64 310 199 339 155 488 192 141 41 263 8 82 
8
2 9 21 22 32 67 79 93 
54 48
196 83 311 124 477 374 411 297 452 482 245 384 68 404 55 191 154 437 363 272 114 257 415 336 107 445 129 366 175 364 127 214 209 288 170 189 368 331 276 439 202 269 406 11 492 459 86 345 
7
30 42 68 78 84 85 86 
55 24
322 281 66 345 377 303 339 332 64 401 438 442 34 416 427 387 313 75 124 284 321 247 210 40 
9
9 31 36 50 59 63 65 77 100 
56 17
182 437 30 424 288 405 388 301 486 316 324 450 13 198 48 122 0 
7
46 47 52 59 60 93 99 
57 12
459 215 380 285 386 475 426 110 314 82 303 439 
11
21 27 33 35 39 43 46 49 64 69 89 
58 32
369 166 374 292 13 394 489 156 364 57 131 318 96 330 219 81 236 125 421 321 358 89 385 459 259 333 127 29 473 27 360 286 
7
6 12 42 52 68 95 96 
59 49
267 147 79 48 477 309 132 368 182 103 24 162 14 81 239 493 382 221 332 435 213 440 282 205 307 107 344 449 264 209 266 390 232 89 405 494 383 176 334 246 167 191 349 387 71 373 215 31 189 
14
1 8 10 11 16 22 30 31 41 55 56 62 66 77 
60 36
41 160 359 304 216 105 305 203 92 192 94 260 383 191 463 412 28 233 201 349 23 356 71 182 219 110 406 51 187 224 483 392 244 343 311 95 
13
10 13 15 18 21 23 36 41 47 56 65 69 86 
61 42
18 79 313 449 134 60 130 280 74 111 274 87 482 480 36 393 23 494 257 145 224 94 489 53 38 275 251 399 11 163 5 407 486 364 68 123 343 499 398 287 323 7 
8
23 42 43 45 49 73 78 87 
62 59
230 423 266 473 318 255 413 292 215 412 254 50 422 372 102 42 84 374 228 212 314 330 71 221 237 0 436 357 329 210 363 405 326 190 496 83 480 164 485 90 94 119 225 39 332 174 430 166 245 352 342 105 80 475 438 270 112 60 139 
10
4 7 10 12 24 27 44 47 59 88 
63 66
361 51 469 321 143 276 435 260 102 191 455 139 218 314 136 172 127 230 207 115 368 210 432 262 25 152 231 34 192 327 90 354 38 186 205 378 457 304 325 382 66 473 178 30 302 328 486 15 211 448 132 243 44 360 212 125 384 221 396 159 319 477 261 182 422 185 
12
9 12 21 23 36 45 48 55 70 74 80 93 
64 66
394 5 383 304 465 36 316 413 477 257 437 440 428 378 246 456 181 218 250 487 117 59 138 72 47 442 183 44 71 229 206 127 80 396 159 238 359 201 340 419 498 17 362 52 348 269 353 195 116 422 264 231 468 56 244 224 65 114 105 421 332 390 403 245 493 256 
11
5 14 25 36 48 50 57 72 78 89 93 
65 86
69 186 267 301 155 99 11 84 111 286 243 61 219 184 221 81 160 412 342 175 491 254 333 91 420 496 417 101 0 158 185 14 172 103 67 480 146 295 462 289 32 366 129 33 224 145 259 92 58 392 208 41 189 323 490 429 95 411 108 112 446 74 232 138 226 59 135 72 82 398 159 475 423 28 290 277 263 96 430 257 252 284 483 149 177 405 
10
3 44 45 52 55 60 67 71 79 85 
66 18
319 373 132 421 91 457 346 290 459 293 103 399 416 46 479 184 141 481 
12
8 19 20 29 36 37 45 59 69 72 82 83 
67 41
20 299 172 459 313 297 370 111 148 127 450 43 181 23 352 19 315 420 77 173 337 184 332 491 106 29 187 372 149 70 107 249 323 101 230 304 274 232 311 375 68 
11
24 25 27 39 42 52 53 65 73 79 92 
68 95
174 384 123 43 219 9 254 90 189 187 423 340 191 24 419 379 260 427 269 498 164 178 279 158 476 271 34 246 287 32 366 445 121 288 70 474 307 218 209 376 297 332 434 402 375 296 410 126 494 160 327 179 364 97 334 321 302 13 304 452 338 320 493 44 458 124 425 430 263 323 156 71 238 99 266 403 60 394 259 426 306 19 186 192 359 295 193 240 444 274 450 283 116 134 468 
18
9 22 24 27 42 45 51 52 54 58 72 76 79 80 83 95 97 98 
69 38
266 488 453 374 300 48 233 13 234 368 62 358 20 57 4 83 194 490 253 375 227 134 430 208 255 258 495 21 43 280 151 423 496 91 407 474 39 143 
10
7 17 29 44 45 57 60 66 91 92 
70 2
187 180 
6
3 22 27 39 63 72 
71 2
175 184 
9
16 23 35 40 51 52 65 88 97 
72 22
23 70 179 484 225 491 49 117 376 48 422 13 353 258 36 369 93 352 213 361 102 362 
16
8 10 11 12 29 32 34 51 64 66 68 70 79 89 93 97 
73 41
187 364 498 392 450 366 318 295 61 431 172 326 67 289 259 444 333 240 138 64 211 396 321 426 357 278 173 331 399 461 281 44 494 348 256 413 233 154 250 423 393 
12
4 12 13 27 31 41 48 61 67 74 80 86 
74 16
134 135 25 4 157 279 2 312 499 435 10 44 29 369 292 241 
11
2 17 20 37 44 51 63 73 92 98 100 
75 48
481 127 351 142 419 97 334 49 3 40 54 371 292 75 391 385 306 195 338 236 242 159 223 144 381 184 42 200 278 138 96 175 288 253 431 387 308 224 382 94 173 57 294 337 222 143 388 309 
11
15 24 35 38 39 44 52 80 84 90 99 
76 45
493 202 11 79 124 100 268 120 121 10 386 127 280 4 115 78 290 209 187 266 270 49 145 382 265 338 264 150 466 355 392 454 217 59 385 94 190 427 379 432 91 388 72 193 310 
9
1 9 13 21 48 68 81 85 97 
77 43
158 63 462 140 203 115 448 422 348 311 7 303 229 381 497 418 137 253 174 410 15 331 442 110 495 257 20 40 351 445 187 487 77 472 235 457 309 42 437 167 318 280 214 
14
13 24 33 40 42 44 45 48 51 55 59 83 85 99 
78 71
52 259 473 243 168 247 32 45 253 332 300 319 161 327 354 237 113 499 262 280 77 472 444 129 287 9 483 392 313 302 281 44 123 256 493 421 463 226 384 245 166 264 153 241 333 412 254 227 69 479 5 84 448 290 288 356 255 97 1 238 228 307 73 231 415 355 249 309 151 186 75 
13
1 4 16 18 30 34 36 38 48 54 61 64 83 
79 39
326 40 293 355 170 429 218 280 465 221 323 439 360 347 85 206 443 48 462 224 51 446 479 191 450 107 265 38 488 308 301 222 289 41 100 410 3 245 46 
10
17 44 46 50 53 65 67 68 72 85 
80 94
66 156 447 426 103 164 350 49 482 330 235 35 430 114 153 469 133 207 277 444 462 128 61 298 214 56 452 121 0 391 57 224 470 303 409 348 93 427 52 122 456 289 159 359 201 433 262 174 341 284 229 396 62 378 86 271 234 327 15 408 379 63 142 297 213 237 404 31 268 184 325 492 382 48 340 367 436 102 115 116 274 120 454 87 318 151 399 322 125 258 276 305 73 249 
15
1 5 16 18 30 41 52 63 68 73 75 81 82 93 95 
81 34
464 168 122 323 361 65 389 315 268 37 444 266 377 275 331 368 469 391 95 308 429 244 355 156 341 119 38 274 126 113 261 417 31 433 
5
13 17 32 76 80 
82 60
357 405 415 318 388 339 386 427 255 334 460 88 46 291 370 8 473 264 49 391 440 63 458 40 468 140 298 366 129 50 445 462 62 123 280 43 319 3 82 156 375 296 188 109 52 447 368 364 127 184 26 211 424 187 266 226 189 385 69 306 
10
8 11 12 36 47 66 80 84 87 96 
83 26
166 59 173 138 61 172 243 486 183 329 477 106 94 242 8 195 102 436 473 125 384 245 171 134 282 182 
9
26 29 31 42 66 68 77 78 100 
84 99
311 264 488 457 21 11 82 50 34 424 162 215 301 468 452 57 363 19 213 292 169 248 204 258 86 481 77 151 71 94 379 212 133 471 76 22 356 69 32 102 269 476 494 35 128 17 10 66 247 80 335 1 228 149 89 423 362 28 387 220 53 497 418 230 63 210 232 450 116 274 79 0 216 469 135 302 394 60 139 361 409 75 433 417 454 287 208 342 360 272 439 109 24 31 492 477 310 422 4 
16
6 14 20 22 26 32 33 38 51 54 75 82 85 90 94 96 
85 4
405 86 198 75 
14
2 10 22 33 35 42 48 54 65 76 77 79 84 90 
86 80
110 379 51 261 223 144 478 320 65 399 83 293 388 309 344 294 86 244 7 402 266 8 324 156 472 23 190 69 206 132 354 275 333 406 393 226 282 203 440 400 84 141 237 355 246 465 55 447 113 350 169 336 130 297 432 371 37 368 201 496 101 50 103 437 270 349 326 334 124 291 436 267 146 264 401 43 377 335 58 207 
9
6 10 12 14 37 44 54 60 73 
87 10
206 355 379 430 424 67 460 244 258 489 
7
5 16 19 27 52 61 82 
88 22
277 162 84 322 396 319 313 234 123 332 194 268 157 9 231 252 215 142 68 80 353 168 
12
2 4 9 16 22 24 25 38 45 62 71 96 
89 58
99 426 103 318 39 207 408 246 325 281 360 126 120 357 350 192 155 183 147 446 293 14 330 108 327 248 211 100 196 242 479 321 395 287 398 304 378 311 200 156 235 382 48 127 52 131 427 4 399 191 428 374 259 180 407 249 26 342 
8
8 12 19 30 40 57 64 72 
90 49
1 398 34 271 22 469 189 226 23 459 200 450 150 79 348 190 453 275 445 223 186 88 273 481 227 148 73 330 60 370 449 291 46 125 283 407 91 225 472 324 250 277 435 397 66 157 315 257 178 
12
5 16 25 27 34 36 42 75 84 85 98 100 
91 44
197 495 23 228 74 111 323 481 300 152 267 466 370 133 170 76 3 235 77 114 388 202 78 236 88 96 491 47 454 400 361 139 327 31 162 399 251 463 420 464 250 408 441 283 
6
3 6 21 23 41 69 
92 49
132 65 122 89 420 25 103 140 266 187 29 86 402 69 365 379 416 106 343 84 158 269 275 48 127 496 26 118 355 47 442 35 109 346 44 469 74 292 279 116 228 119 224 414 98 81 160 125 208 
9
3 4 18 36 39 67 69 74 93 
93 93
9 201 97 124 12 272 78 28 471 313 434 68 226 393 314 77 138 217 425 172 385 148 331 489 405 484 101 333 131 359 116 37 36 194 430 263 422 185 478 448 114 184 351 417 250 251 418 23 11 85 340 110 444 214 451 202 453 161 240 186 107 170 31 224 159 152 133 467 290 132 20 158 297 46 241 74 215 301 491 324 61 387 220 95 69 236 473 63 199 366 396 229 386 
14
10 11 14 31 33 39 52 53 56 63 64 72 80 92 
94 48
103 143 47 447 341 350 461 325 334 160 85 164 349 125 94 82 197 434 355 403 352 277 233 75 287 445 177 288 399 339 189 310 152 101 259 195 10 454 92 250 155 253 95 443 48 285 206 151 
5
11 21 25 52 84 
95 87
174 147 45 248 132 429 145 243 85 152 73 301 222 426 438 201 43 423 482 187 434 197 473 236 395 474 84 159 441 209 376 339 357 23 178 440 388 421 431 352 98 217 396 229 44 239 498 156 472 398 82 120 287 445 292 450 285 443 400 233 32 427 348 35 471 16 405 484 162 135 293 413 255 47 284 363 311 337 130 349 220 165 110 277 227 483 149 
12
2 6 12 13 15 17 19 46 50 58 68 80 
96 47
198 371 313 439 259 326 214 128 490 280 201 336 181 260 445 75 379 113 45 335 493 291 261 182 404 164 401 406 36 116 412 183 459 237 172 434 398 319 166 373 136 250 487 72 388 309 170 
9
5 21 27 44 46 58 82 84 88 
97 82
397 227 26 184 342 151 52 20 336 378 110 426 189 36 115 238 127 39 367 56 328 407 170 180 417 412 78 243 58 132 202 369 491 333 214 47 205 454 210 43 413 72 239 140 228 61 456 419 182 479 23 380 301 155 271 427 264 493 186 463 446 279 29 173 156 95 247 389 453 119 303 276 109 4 391 487 330 116 450 462 123 455 
11
1 8 23 31 40 45 47 68 71 72 76 
98 17
314 235 174 226 362 217 53 478 424 101 210 391 440 270 82 45 88 
8
1 5 42 44 49 68 74 90 
99 38
193 225 77 151 328 217 405 484 326 104 141 400 122 365 444 261 209 130 232 50 387 68 13 487 187 345 197 323 239 397 385 263 282 386 96 470 495 277 
7
9 28 34 43 56 75 77 
100 87
175 31 230 90 250 356 233 129 138 25 258 469 390 248 99 433 275 144 246 243 303 48 382 260 408 487 371 301 459 283 116 151 309 71 387 276 118 499 165 420 86 29 75 242 479 158 237 10 15 218 385 471 304 401 67 69 403 448 497 163 330 491 493 19 239 105 360 26 124 259 161 287 120 357 278 107 140 60 394 444 316 149 294 226 393 155 453 
10
17 20 41 45 50 52 55 74 83 90 
